"Plot" "Areia_Grossa" "Areia_Fina" "Silte" "Argila" "Classificação" "Tipo_de_solo" "pH_H2O" "P" "K" "Ca2." "Mg2." "Exchan_Al3" "Potential_acidity" "SB" "cation_exch_capacity" "T" "Base_saturation_index" "Al_saturation_index" "P_Rem" "Cu" "Mn" "Fe" "Zn" "N"
"IS1" "IS1" 0.152 0.119 0.121 0.609 "Muito_Argilosa" 3 5 1 40 0.16 0.07 0.77 12.3 0.33 1.1 12.63 2.6 70 11.1 0.16 2.2 95.8 0.86 0.25
"IS2" "IS2" 0.368 0.474 0.039 0.118 "Areia_Franca" 1 4.83 1.2 16 0.17 0.05 1.26 7.7 0.26 1.52 7.96 3.3 82.9 27.6 0.12 1.2 52.8 0.53 0.086
"IS5" "IS5" 0.1 0.396 0.071 0.433 "Argilo_Arenosa" 3 4.66 3.7 24 0.1 0.06 1.16 11 0.22 1.38 11.22 2 84.1 10.2 0.5 1.6 100.9 0.58 0.214
"ES1" "ES1" 0.272 0.281 0.052 0.394 "Argilo_Arenosa" 3 4.98 1.7 40 0.18 0.11 1.16 10.1 0.39 1.55 10.49 3.7 74.8 14.2 0.13 2.7 128.8 0.66 0.157
"ES3" "ES3" 0.396 0.228 0.04 0.336 "Franco_Argilo_Arenosa" 2 4.9 0.9 26 0.07 0.08 0.97 10.9 0.22 1.19 11.12 2 81.5 14.2 0.13 1 121.3 0.51 0.117
"ES4" "ES4" 0.323 0.347 0.076 0.254 "Franco_Argilo_Arenosa" 2 5 1.1 32 0.18 0.06 1.16 10.4 0.32 1.48 10.72 3 78.4 20.6 0.21 1.4 112.4 0.64 0.14
"BS1" "BS1" 0.241 0.574 0.047 0.138 "Franco_Arenosa" 1 4.9 0.9 26 0.06 0.05 1.26 6.1 0.18 1.44 6.28 2.9 87.5 28.7 0.13 0.8 89.2 0.56 0.074
"BS2" "BS2" 0.301 0.345 0.167 0.188 "Franco_Arenosa" 2 4.85 1.3 49 0.1 0.06 1.84 7.4 0.29 2.13 7.69 3.8 86.4 27.2 0.23 0.7 118.8 0.63 0.1
"MS1" "MS1" 0.278 0.36 0.142 0.22 "Franco_Argilo_Arenosa" 2 5 2.1 51 0.22 0.12 2.52 11.8 0.47 2.99 12.27 3.8 84.3 21.6 0.34 2 64 0.81 0.157
"MS2" "MS2" 0.456 0.267 0.061 0.215 "Franco_Argilo_Arenosa" 1 4.94 2 38 0.05 0.08 2.13 9.1 0.23 2.36 9.33 2.5 90.3 22.7 0.15 1.3 71.7 0.46 0.107
"IC3" "IC3" 0.378 0.36 0.1 0.162 "Franco_Arenosa" 1 4.6 6.3 55 0.24 0.18 3.39 22.2 0.56 3.95 22.76 2.5 85.8 27.2 0.18 3.7 53.1 1.61 0.314
"EC2" "EC2" NA NA NA NA NA NA 5.15 18.1 167 3.95 1.31 1.07 19.5 5.69 6.76 25.19 22.6 15.8 35 0.47 26 153 5.5 1.829
"EC3" "EC3" NA NA NA NA NA NA 4.4 8.6 175 1.05 0.69 3 25.2 2.19 5.19 27.39 8 57.8 8.6 0.52 8.8 854 2.3 1.686
"BC1" "BC1" 0.07 0.223 0.377 0.33 "Franco_Argilosa" 2 4.96 11.1 57 2.93 0.91 2.23 17.4 3.99 6.22 21.39 18.7 35.9 14.8 0.26 32.3 40.5 0.58 0.366
"BC2" "BC2" 0.12 0.381 0.267 0.232 "Franco_Argilo_Arenosa" 2 5.12 4.6 55 1.34 0.45 2.42 15.8 1.93 4.35 17.73 10.9 55.6 19.7 0.32 16.2 17.4 0.92 0.293
"BQ8" "BQ8" 0.019 0.071 0.541 0.369 "Franco_Argilo_Siltosa" 3 4.46 10.2 75 0.77 0.32 4.26 24.3 1.28 5.54 25.58 5 76.9 10.7 0.43 8.7 45 0.66 0.629
"RC1" "RC1" 0.18 0.242 0.158 0.42 "Argila" 3 4.3 3.5 83 0.2 0.16 2.13 14.4 0.57 2.7 14.97 3.8 78.9 8.7 0.35 2.9 313.5 1.2 0.364
"RC2" "RC2" 0.126 0.152 0.22 0.502 "Argila" 3 3.95 4.4 103 0.3 0.21 2.32 17.1 0.77 3.09 17.87 4.3 75.1 8.8 0.39 7.5 455.7 2.4 0.529
"RC3" "RC3" 0.343 0.35 0.046 0.262 "Franco_Argilo_Arenosa" 2 3.87 2.5 26 0.09 0.06 1.74 11.2 0.22 1.96 11.42 1.9 88.8 12.6 0.24 0.7 163 0.99 0.179
"MC1" "MC1" 0.257 0.04 0.315 0.388 "Franco_Argilosa" 3 4.1 3.6 99 6.79 0.7 1.36 18.2 7.74 9.1 25.94 29.8 14.9 19.3 0.39 10 424.1 2.08 1.1
"SR1" "SR1" 0.088 0.037 0.523 0.352 "Franco_Argilo_Siltosa" 3 6.54 18.2 174 15.28 2.14 0 2.4 17.87 17.87 20.27 88.2 0 32.6 0.55 130 5.9 2.47 0.408
"SD1" "SD1" 0.049 0.022 0.498 0.431 "Argilo_Siltosa" 3 6.22 4.7 311 11.36 2.7 0 2.4 14.86 14.86 17.26 86.1 0 40.4 0.94 269.3 10.5 2.67 0.366
"SD2" "SD2" 0.059 0.02 0.479 0.441 "Argilo_Siltosa" 3 6.54 19.2 291 15.98 2.64 0 1.6 19.37 19.37 20.97 92.4 0 38.5 0.66 252.2 11.7 3.29 0.568
"SD3" "SD3" 0.053 0.028 0.476 0.442 "Argilo_Siltosa" 3 6.76 7.5 307 12.88 3.09 0 2.3 16.76 16.76 19.06 87.9 0 33.9 0.77 324.4 10.4 2.81 0.389
"SS1" "SS1" 0.039 0.183 0.473 0.305 "Franco_Argilosa" 2 5.77 3 144 7.57 1.49 0 4.5 9.43 9.43 13.93 67.7 0 38.5 1.85 318.7 12.2 3.56 0.282
"SS2" "SS2" 0.062 0.216 0.411 0.311 "Franco_Argilosa" 2 6.73 3.8 188 9.77 2.03 0 2.1 12.28 12.28 14.38 85.4 0 36 0.9 281.7 16.8 3.73 0.378
"SS3" "SS3" 0.073 0.284 0.317 0.326 "Franco_Arenosa" 2 5.82 2.6 162 4.16 1.48 0 5 6.06 6.06 11.06 54.8 0 33.2 1.39 270.1 27.9 2.22 0.26
"SG1" "SG1" 0.047 0.024 0.462 0.466 "Argilo_Siltosa" 3 6.6 4.7 182 13.52 2.57 0 1.6 16.56 16.56 18.16 91.2 0 31.7 0.75 166.2 6 3.74 0.453
"SP1" "SP1" 0.05 0.024 0.515 0.411 "Argilo_Siltosa" 3 6.62 13.9 348 12.27 2.36 0 1.4 15.52 15.52 16.92 91.7 0 39.1 0.86 240.1 15.7 4.21 0.375
"SP2" "SP2" 0.045 0.027 0.473 0.455 "Argilo_Siltosa" 3 6.34 6.1 203 10.09 2.3 0 3.4 12.91 12.91 16.31 79.2 0 33.5 0.99 254.9 10.7 1.62 0.338
